011010000000
001010010000
001010010000
000000010010
000000000010
000100000000
000010000000
010000000010
011000000000
001000010010
010010010000
010010000000
000001000000
001000010000
000000010100
010000000000
011000010000
001000000000
001000000000
100010000000
011000010000
000000000010
000000000010
001000000000
000000000100
001000000010
010010000000
000100000000
000100000000
000001000000
000000000010
010000000000
001000000000
000000010000
001000000000
001000000000
000000000100
010000000000
010000000000
001000000000
001000010000
001000010000
001010000000
001010000000
001000000000
001000000000
001000000000
001010010000
001000000000
001000000000
001000010000
001000100000
100000000000
000000000010
001000000000
100000000000
001000010000
010000000000
001000000000
001000010000
100100000000
010000000000
101100000000
000000000010
010010000000
101010000000
100110000000
000110000010
101100000000
010000000000
000001000000
010000100000
000001000000
000000000010
001000000000
000001000000
000000000010
010000100000
000001000000
010000100000
000001000000
000000000010
000001010000
000000010000
000001010000
000000010000
000001000000
000001000000
000001000000
000011000000
000001000000
000001000000
000001000000
000011000000
000001000000
000001000000
000001000000
000001000000
000001000000
000010000000
000000000010
000001000000
000001000000
010000000000
001000010000
000000010000
001000000000
001000010000
001000010000
001000010000
001000000000
001000010000
001000010000
001000000000
001000010000
001000000000
000000010000
001000000000
000000010010
000000000010
000000000010
001000000000
010000000000
010000000000
000001000000
010000000000
001000000000
000000000010
001000000000
000000000010
001000000000
000000010001
010000010000
010000010000
000000010010
010000010000
000000010100
010000010000
001000000000
001000000000
010000000000
010000010000
010000000000
001000010000
000000000111
000000100100
010000000000
000000000100
010000000000
100000000000
100000000000
000000000010
010000000000
000000100000
000010000000
001000000000
010000000000
000100000000
001000000000
000000010001
001000010000
001000000000
000000010000
000000010001
000000010001
000000010001
001000010000
001000000000
001000000000
000000010010
010010010000
010000000000
000000010010
010000010000
001000000000
011000010000
010000010000
001000010000
001000010000
010000010000
000000010010
000000000100
000000000100
000000000001
000000000001
000000000001
000000000001
000000000001
000000000100
000000000001
000000000100
000000000001
001000000000
000000010000
001000000000
001000000000
001000000000
001000000000
000000010000
000000010000
001000010100
000000010100
000000010100
000000010000
001000000000
000000000010
000000000001
001000010000
000000000001
000000010100
100000000000
000000010100
000000000100
000000010010
001000010000
001000000000
001000000000
000000000100
000001000000
000001000000
000001000000
000001000000
000001000000
000001000000
000001000000
000000000110
000001000000
000001000000
000001000000
000001000000
000001000000
000001000000
000001000000
000001000000
000001000000
000000001000
000000001000
000000001000
000000001000
001000000000
000000001000
000000010000
000000010001
000000010001
000000010001
000000000100
000000010001
000000010100
000000010001
000000010001
000000010001
000000010001
000000010000
000000010001
000000010001
000001000000
000001000000
000000000100
010000000000
000000000100
010000000000
001000000000
000000000100
000001000000
001000000000
000000000010
000000000100
000001000000
000000000010
001000000000
000001000000
100000000000
001000000000
000100000000
001000000000
001000000000
000000000010
001000000000
000100000000
100000000000
000000000100
010000000000
001000001000
000000001000
000000001000
000000001000
010000000000
000000001000
000000001000
000000001000
000000001000
000000001000
000000001001
000000001000
000000000001
000001000000
000001000000
000001000000
000001000000
000000001000
000000001000
000000010001
000000010000
000000010000
000000010000
000000010000
000000010000
000000010001
001000000000
000000010000
000000010000
001000000000
000001000000
000000010000
000000010000
001000010000
001000010000
001000010000
000000010000
000000010000
000000010000
000000010001
000000010000
000000010000
000000010001
000000010000
000000010001
000000010001
000000010000
000000010000
000000010000
000000000010
001000000000
000001000000
001000000010
000000000010
100000000000
001000010000
000001000000
000001000000
001000010000
001000010000
000000010000
000001010000
000001010000
000001000000
000001000010
001000000000
001000000000
001000000000
000010000000
000001000000
000001000000
000010000000
000110000000
010000000000
000000000010
000010000000
000001000000
000001000000
000000000010
000000000010
000001000000
000001000000
000001000000
000001000000
000001000000
000000000100
000000000100
000000000010
000000000001
100000000000
000001000000
010000000000
000000010010
001000010000
001000000000
101010000000
101000000000
001000000010
101010000000
000001000000
000000010000
001000000000
001000010000
000000010010
000000000010
010000000000
000000001000
000000001000
000000001000
001000001000
000000010000
000000001100
010000000000
000000000010
000000000010
001000000000
000000000010
001000000000
001000000000
000001000000
000001000000
100000000000
000001000000
000000000100
100000000000
000001000000
000001000000
000001000000
000000000010
100000000000
100000000000
000001000000
000001000000
000001000000
000001000000
010000000000
000001000000
000001000000
000001000000
000001000000
001000000000
000001000000
000000010000
000001000000
000000010000
001000000000
000000010000
001000000000
001000000000
000001000000
001000000000
000000010000
001000000000
001000000000
000001000000
001000000000
001000000000
000000010001
001000000000
000000000010
000001000000
000000000010
000001000000
000000000010
100000000000
001000000010
100000000000
000000000100
000100000000
000001000000
001000000000
001000000000
001000000010
000000000100
010000000000
001000000000
000000000100
000100000000
001000000000
010000000000
000000000100
000000000100
000000000100
001000000000
001000000000
000000000010
100000000000
100000000000
001000000000
010010000000
001000000000
001000000000
001000000000
001000000000
000000001000
001001000000
000000001000
001000001000
001000001000
000000000001
000001000000
001000000000
000001000000
100000000000
001000000000
001000000000
010000000000
000000000001
100000000000
010000000000
100000000000
010000000000
010000000000
000000000100
000000000100
000000000010
011000000000
010000000000
000000000010
010000000000
001000000000
001000000000
010000000000
010000000000
001000000000
000000000010
000000000010
010000000000
000001000000
010000000000
010000010000
101000000000
010000000000
010000010000
010000000000
000000000010
001000000000
001000010000
000100000000
000100000000
000100000000
000100000000
011000000000
011010000000
001010000000
000000000010
000100000000
001000000000
000100000000
100000000000
010000000000
100000000000
000000000100
100000000000
000000000100
000010000000
101000000000
000000000100
000000000100
100000000000
100000000000
000000000010
000001000000
000001000000
000001001000
000001000000
000000001000
000001001000
001000000001
001000000001
000000000010
000001000000
000001000000
100000000000
000000000010
000000000010
000001000000
000001000000
000001000000
000000000010
000000010000
000000000010
001000000000
000000010000
000001000000
000000010000
001010000000
001010000000
001000010000
001000010000
001000010000
001000000000
001000010000
001000010000
010010000000
001000010000
010000000000
001000010000
001000010000
001000010000
001000010000
001000010000
001000010000
001000010000
001000010010
000000000100
000000000010
001000010000
001000010000
001000010000
000001000000
001000010000
001000000000
000000010000
000000000001
000000000001
000000000010
000000010000
000000000001
001000000000
000000000001
000000000010
001000000000
010000001000
000000001000
001000001000
000000011000
001000010000
000000010000
001000001000
001000000000
000000001000
001000000000
000000001000
000000001000
010011000000
011010000000
001000010001
000000000100
001000010000
001000010000
010000000000
000001001000
000000000100
001000000000
000010010100
101000000000
000001000000
000001000000
000000001000
000000001000
000001000000
000001000000
000000001000
000001000000
000001000000
000001000000
000000000100
010000000000
001000000000
010000000000
000000001000
001000000000
000000010000
000000001000
000000010000
000001000000
000000000010
000001000000
000000010000
001000010000
001000000000
000000000100
000001000000
001000000000
101000000000
000001000000
000000100010
000000000100
001000000000
000000000010
010000000000
000000000010
010000000000
000000000010
000000000010
010000000000
000000010000
000000000010
001000000000
000000000010
000000010000
100000000000
001000000000
000000000001
001000000000
000000010000
000000000010
000000001000
000001000000
001000000000
000001000000
001000000000
000000010000
000000000001
000000000001
100000000000
010000000001
000000000001
000000010000
000000010000
001000010000
001000010000
001000010000
000000010000
000000010100
001000010000
000000010000
000000010001
000000010100
001000010000
000000110000
010000010000
000000010010
000000000010
000000000010
000000000010
000000010000
000000010000
000000000010
000000010000
010000000000
000000000100
010000000000
001000000000
010000000000
000000000010
000000000100
100000000000
011000000000
100000000000
001000000000
101000000000
100000000000
001000000000
101000000000
000001000000
100000000000
000001000000
100000000000
000001000000
100000000000
010000000000
010000000000
000000000010
000100000000
010000000000
010000000000
010000000000
000001000000
100000000000
001000000010
010000000000
010000000100
101000000000
010000000100
000000000010
010000000000
100000000000
001000000000
001000000000
100000000010
000000000010
000000000010
001000000000
000000000010
000000000010
100000000000
000000000010
100000000000
000000000010
100000000000
000001000000
000000000010
100000000000
100000000000
000000000010
010000000000
010000000000
001000000000
001000000000
000000000010
001000000000
000000000010
010000000000
000001000000
000000000010
001000000000
001000000000
001000000000
100000000000
001000000000
001000000000
001000000000
001000000000
000000001000
001000000000
001000000000
001000000000
000000000010
001000000000
000000010000
001000000000
001000000000
001000000000
010000000000
001000000000
000000000100
000000000100
001000000000
001000000000
000010000000
000001000000
100000000000
000001000000
001000000000
000000000100
010000000000
000001000000
000001000000
001000000000
001000000000
000000000010
000000000100
001000000000
000001000000
100000000000
000000000010
000000000010
000001000000
000000000010
000001000000
000000000010
000000000010
001000000000
000000000010
000001000000
001000000000
001000000000
000000000010
000000000100
001000000000
001000000000
001000000000
000000000100
000100000000
000100000000
000100000000
000001000000
001000000000
000001000000
000000000100
010100000000
001000000000
001000000000
001000000000
100000000000
000000000010
000000010000
100000000000
100000000000
000000000010
000000000010
000000010000
001000010000
001000000000
001000000000
001000000000
001000000000
011000000000
001000000000
010000000000
001000000000
000000000010
001000000000
001000000000
001000010000
001000000000
100000000000
000000000010
000100000000
000110000000
000000000100
010000000000
000000000010
000000000010
000000000010
000110000000
001000000000
000000000010
001000000000
100000000000
001000000000
010000000000
000000000010
001000000000
010000000000
010000000000
001000000000
000000000010
000000000010
000000000010
000001000000
001000000000
001000000000
001000000000
001000000000
001000010000
001000000000
010000000000
001000000000
100000000000
001000000000
001000000000
001000000000
001000010000
001000000000
001000010000
001000010000
000000000010
001000010000
001000010000
001000010000
000100000000
000001000000
100000000000
100010000000
000000000010
000000000010
000000000010
000110000000
010000000000
000100000000
000110000000
000100000000
001000000000
010000000000
010000000000
000001000000
000000000100
001000000000
001000000000
000000000010
000001000000
000001000000
010000000000
001000000000
100000000000
100000000000
000000000010
001000000000
000100001000
100000001000
000000001000
100000001000
000010000000
000010000000
000100001000
000000001000
000100001000
000100000000
000010000000
000000010000
000001000000
001000000000
001000000000
000001000000
000000010000
000000000001
000000000100
001000000000
101000000000
001010000000
100000000000
100000000000
100000000000
100000000000
100000000000
100000000010
100000000000
000000000010
000000000010
000000000010
100000000000
001000000000
001000000000
000001000000
001000000000
010000000000
000000000010
000001000000
001000000000
100000000000
001000000000
010000000010
000000000010
000000000001
000000001001
000000000001
000000010000
001000000000
000000001010
001000001000
001000001000
001000000000
000010000000
000001000000
000001000000
001000000000
000000001010
011000000000
001000000000
010000000000
010000000000
000001000000
000001000000
000001000000
000000000010
000001000000
010000000000
010000100000
000000000010
010000000000
101000000000
001000000000
010000000000
010000000000
000100000000
000000000100
000100000000
000100000000
001000000000
000000000100
000001000000
010000000000
010000000000
000001000000
000000000100
000001000000
000001000000
000001000000
000001000000
010000000000
000000000010
000001000000
000001000000
000001000000
000001000000
000001000000
000001000000
000110000000
000001000000
000001000000
100000100000
000010000000
001100000000
000100000000
100000100000
000100000000
000000100000
001000000000
100000100000
000001000000
100000100000
100000100000
000001000000
000001000000
000001000000
000001000000
000100000000
100000000000
010000000000
010000000000
100000000000
000001000000
000001000000
000001000000
100000000000
010000000000
100000000000
100000000000
000000001000
001000001000
001000000000
001000001000
001000001000
001000000000
001000001000
000000010001
000001000000
000000010000
001000000000
001000001000
011000000000
001000000000
001000000000
001000001000
010000000000
000000000001
001000000000
010000000000
001000000000
000000000010
000100000000
000001000000
000000000100
001000000000
001000000000
000000000010
000000000100
010000000000
000000000010
100000000000
000000000010
100000000000
000000000100
000100000000
000100000000
100000000000
001000000000
000001000000
000001000000
001000000000
000001000000
000001000000
000001000000
000010000000
000001000000
000010000000
000001000000
001000000010
000000000010
000000000010
000000000110
000001000000
001000000000
010000000000
001000000010
011000000000
000001000000
011000000000
100000000000
000000000010
000000000010
000000000010
000100000000
000001000000
001000000000
010000000000
010000000000
001000000000
000000000010
000000000010
000000000010
100010000010
100000000010
000100000010
000100000010
000001000000
010000000000
100000000010
100000000000
100000000000
000000000010
010000000000
100000000010
100000100000
000000000010
010000000000
000000000010
000000000010
000000010000
010000000000
000100000000
100000000000
000001000000
000000000010
000000000010
000000000010
000000000001
010000000000
000000000010
100000000000
000001000000
100000000000
100000000000
100100000010
010000000000
100000000000
001000000000
011000000000
001000000010
001000000000
011000000000
000000000110
010000000000
010000000000
001000000000
000000000010
100000000000
000000000010
010000000000
100010000000
000000000010
100000000000
000001000000
100000000000
000000000010
010000000000
000001000000
000000000010
100000000000
010000000000
000000000010
000000000010
000000000010
010000000000
010000000000
010000000000
010000000000
011000000000
010000000000
011000000000
001000000000
011000000000
011010000000
000100000000
011000000000
000000000010
010000001000
010000001000
000100001000
000000001010
010000001000
010000001000
010000001000
010000001000
010000001000
010000001000
100000000000
010000001000
010010001000
010000001000
000001001000
000000001010
000001001000
000001001000
100000001000
010000001000
010000001000
110000000010
000000000010
010000000010
010000000010
010000000010
000001000010
000100000010
010000000000
110000000000
000100000000
000100000010
001000000000
010100000000
010010000000
000000000010
000000000001
000000000010
010000000000
100000000000
000000000010
000000000010
001000000000
010000000000
001000000000
100000000000
000000000100
000000000010
100000000000
010000000000
001010000000
001000000000
010000000000
011000000000
000000000010
001000000000
100000000000
001000000000
010000000000
001000000000
010000000000
001000000000
000100000000
001000000000
000000000010
000000000010
000000000010
000000000010
000000000010
000010000010
000000000010
000000000010
010000000000
010000000000
000001000000
100000000000
000000000010
100000000010
000000000010
000001000000
100000000000
000000010000
001000010000
001000000100
000000010000
000000010010
010000010000
000001000000
000001000000
001000000100
000001000000
000001000000
000000010010
000001000000
000010000000
000000010010
000001000000
000000010000
000000010000
000000010000
000010000000
000010000000
000000010000
100010000000
000000001000
100010000000
001000000000
100010000000
001000000000
000011000000
000001000000
001000000000
001000000000
000001000000
000011000000
001000000000
000000000010
000001001000
000001000000
000010000000
000001000000
000001000000
100000000000
000000000100
010000000000
000010000000
000001000000
000001000000
000001000000
010000000000
000001000000
100000000000
000010000000
000001000000
010000000000
000001000000
010000000000
000001000000
000000000100
000110000000
100000000000
000001000000
000001000000
100000000000
100000000000
100001000000
000001000000
010000000000
010001000000
000001000000
100000000000
000000000010
000010000010
000001000000
000001000000
000010000000
000010000010
000010000010
000001000000
000000000010
000000000010
010000000000
001000000000
001000000000
001000000000
000000000010
001000000000
010000000000
100000000000
001000000000
001000000000
001000000000
011000000000
001000000000
010000000000
000000000010
000000000010
010000000000
010000000000
010000000000
010000000000
000000000010
010000000000
000000000010
010000000000
000001000000
010000000000
010000000000
010000000000
001000000000
100000000000
001000000000
100000000000
000100000000
000100000000
010100000000
100000000000
001000000000
001000000000
010000000000
000000000010
100000000000
010000000000
100000000000
010000000000
010000000000
110000000000
010000000000
010000000000
010000000000
010100000000
010100000000
010110000000
000100000000
010110000000
000000000010
000000000010
000100000000
010000000000
000001000000
100000000000
000100000000
010000000000
000000000010
000000000010
000000000010
010110000000
000001000000
010000000000
000000000010
010000000000
100000000000
000001000000
000000000010
000000000010
000001001000
010000001000
010000001000
010000001000
010000001000
000000001010
010000000000
000000001010
010000000000
000100001000
010000001000
010000001000
000001001000
010000001000
010000001000
000001001000
010000001000
000001001000
000001001000
010000001000
010000001000
010000001000
010000001000
010000001000
010000001000
010000000000
000000000010
000000000010
000000000010
010010000000
011000000000
000000000010
010000100000
001000000000
000100000000
000100000000
010000000000
011010000000
000100000000
010000000000
000000000010
000000000010
000000000010
000000000010
000000000010
100000000000
000000000010
010000000000
001000000010
100000000000
000000000010
001000000010
010000000010
000001000000
001000000000
001000000000
001000000000
001000000000
000001000000
100000000000
001000000000
010000000000
001000000000
001000000000
010000000000
011000000000
000001000000
000001000000
000001000000
100000000000
001001000000
000001000000
100000000000
010000100000
000001000000
001000000000
010000100000
011000000000
001000000000
000000010000
000001000000
000010000000
000000100000
001000000000
000000000010
010000000000
101000000000
101100000000
100000000000
101100000000
100000000000
010000000000
101000000000
101100000000
001000010000
000000000010
010000000000
010000000000
101100000000
000000000010
000000000010
010000000000
010000000000
000001000000
000001000000
010000000000
000000000010
010000000000
000000000010
000000000010
010000000000
010000000000
010000000000
010000000000
010000000000
000000000010
010000000000
000000000010
000100000000
000000000010
000000000010
000001000000
000000000010
000000000010
010000000000
010000000000
010000000000
010000000000
000000000010
100000000000
100000000000
000100000000
100000000000
100000000000
100000000000
000000000100
000001000000
100000000000
100000000000
100010000000
100010000000
000001000000
010000000000
100000000000
000000000100
100000000000
100000000000
100100000000
100000000000
100000000000
100000000000
100000000000
000001100000
000001000000
100000000000
100000000000
000000000010
100000100000
000100000100
100000000000
100000000000
100100000000
100000000000
000001000000
000001000000
010000000000
000010000010
010000000100
010000000000
100000000000
001000000000
100000000000
100000000000
010010000000
100000000000
001000000000
000000000010
100000000000
000000100000
000101000000
000000000010
100000000000
100000000000
100000000000
100000000000
100000000010
100000000010
000000000110
000000000110
000000000110
100000000000
101000000000
001000000000
000001000000
000000000010
000001000010
000000000010
100000100000
000000000110
000000000010
100000000000
100000000000
100001000000
100000100000
100100000000
000000000010
100000000000
000100000010
000000000110
001000000000
010000000000
001000000000
001000010000
000000000010
010000000000
000000000010
010000000000
100000000000
010000000000
010000000010
010000000000
000100000000
000100000000
010000000000
001000000000
000000000010
010000000000
010000000000
001000000000
010000000000
010000000000
001000000000
000000000010
000001000000
000001000000
001000000000
001000000000
001000000000
001000000000
001000000000
001000010000
001000000110
011000000000
001000010000
001000010000
001000010000
001000010000
001000000000
001000000000
001000000000
000000000010
100000000000
001000000000
000000000100
000000000100
001000000000
000001000000
100000000000
001000000000
100000000000
000001000000
001000000000
001000000000
100000000000
001000000000
001000000000
000001000000
000001000000
000001000000
000001000000
000001000000
000010000000
000001000000
001001000000
001000000000
000001000000
000001000000
001000000000
000001000000
000010000000
001000000000
001000000000
000010000000
001000010000
010000010000
001000000000
001000000000
001000000000
001000010000
001000000000
000000010000
001000000000
001000000000
001000000000
001000000000
001000010000
001000000000
001000000000
001000000000
001000000000
001001000000
001000000000
001000000000
000000010000
000001000000
000001000000
000001000000
000010000000
000001000000
001001000000
000000000001
000000010000
000000000010
000000010000
000001000000
000001000000
000001000000
000001000000
000001000000
000001000000
000001000000
000001000000
000001000000
000001000000
100000000000
000001000000
000001000000
000001000000
000001000000
000001000000
100000100000
000100000000
000001000000
000001000000
100000000000
000010000000
001001000000
000001000000
000010000000
000001000000
001000000000
000001000000
100000000000
000001000000
001000000000
000001000000
000000000010
000001000000
010010000000
001000000010
000010000000
000100000000
000001000000
000001000000
000000000100
000001000000
000000000001
100000000000
000001000000
100000000000
001000000000
001000000000
010000000000
001000000000
000000000010
010100000000
010000000000
000100000000
010000000000
010000000000
010000000000
010000000000
000000000001
010000000000
000000000010
000001000000
011000000000
001000000000
010100000000
010000000000
010000000000
000001000000
000000000100
010000000000
001000000000
001000000000
010000000000
000000000010
000000000010
100000000000
000000000001
010000000000
001000000000
100000000000
011000000000
000001000000
101000000000
001000000000
001000000000
001000000000
000001000000
001000000000
000000001000
000001000000
010000000000
001000000000
001000000000
000001000000
000001000000
000001000000
000001000000
001000000000
011000000000
001001000000
000001000000
000001000000
001000000000
000001000000
000001000000
001001000000
000001000000
000001000000
101000000000
000001000000
000001000000
000000000010
000001000000
010000000000
001000000000
100000000000
001000000000
001000000000
001000000000
010000000000
000000000010
000000000100
000000000100
001000000000
000000000010
011000000000
001000000000
001000000000
000000000001
100010000000
000000000100
000000000010
100000000000
100000100000
100000000000
000000000010
100000000000
100000000000
101000000000
001000000000
100000000000
000000000010
100000000010
000000000100
100000000000
100000000000
000000000010
001000000000
010000000000
000000000010
010000000000
001000000000
010000000000
000001000000
000000000010
000001000000
100000000000
000001000000
011000000000
000001000000
100000000000
010000000000
100000000000
100000000000
001000000010
001000000000
010000001000
001000001000
001000001000
001000001000
010000001000
001000000000
100000100000
010000001000
001000001000
000001000000
010000001000
001000000000
001000000000
001000000000
000000001010
101000000000
100000001000
010000001000
001000001000
001000001000
000001000000
001000001000
001000001000
100000001000
001000000000
001000000000
000001000000
000000000100
100000001000
001000010000
100000000000
000001000000
100000000000
100000000000
000100000000
000010000000
000010000000
000001000000
100000000000
000010000000
000010000000
000001000000
000100000000
000010000000
000010000000
100000000000
000010000000
100000100000
100000000000
000010000000
000010000000
100000000000
000001000000
000001000000
000010000000
000001000000
000001000000
000001000000
000010000000
000001000000
000001000000
100000000000
001000000000
000100000000
010000000000
000001000000
000010000000
000100000000
000001000000
000001000000
000001000000
000000001000
000001000000
000001000000
000001000000
000001000000
000001000000
000001000000
010000000000
000001000000
000000000010
000001000000
001000000000
000000000010
000001000000
001000000000
010000000000
000001000000
100000000000
000100000000
000000000100
000000000010
100000000000
000001000000
100100000000
000001000000
001000000000
000000000010
000100000000
000001000000
000000000010
000001000000
000001000000
000000000100
000001000000
100000000000
000100000000
000001000000
000100000010
000001000000
000100000000
000000000010
000001000000
000001000000
100000000000
001000010000
001000010000
000000010000
001000000000
001000010000
001000010000
000000000001
001000000000
010000000000
010000000000
001000000000
100000000000
100000000000
010000000000
010000000000
010000000000
000000000010
010000000000
000000000010
000000000010
010000000000
010000000000
010000000000
001000000000
001000000000
010000000000
001000000000
000000000100
010000000000
000000000010
000000000010
000010000000
001000000000
001000000000
001000000000
000000000010
010000000000
000100000010
000000000010
000000000010
000000000010
010000000000
010000000000
000000100000
000110000000
000100000000
010100000000
000010000010
000000000010
010000000000
100000000000
010000000000
010000000000
010000000000
000000000010
010000100000
000000100000
000000000010
001000000000
010000000000
010000000000
000001000000
000001000000
001000000000
000000000010
001000000000
000000000010
000100000000
000001000000
100000000000
100000000000
000000000010
100000000000
000001000000
001000000000
000000000100
010000000000
000000000100
001000000000
000000000100
000000000100
000000000100
000000000100
001000000000
000000000100
001000000000
001000000000
001000000000
010000000000
000000000100
001000000000
001000000000
000000000100
010000000000
010000000000
010000000000
001000000000
000000000010
010000000000
000000000010
000000000001
001000000000
000000000010
010000000000
000000000010
010000000000
000001000000
010000000000
000000000100
000100000000
010000000000
000001000000
011000000000
010000000000
001000000000
000000000100
001000000010
001000000000
100000000000
001000000100
000000000100
010000000000
000000000010
000000000001
000000000010
010000000000
001000000000
000000000100
010000000000
000000000010
000000000100
010000000000
001000010000
000000000010
001000000000
000000000100
000001000000
010000000000
000000010000
000000010000
000000010000
000000010000
000000000010
000000010000
000000010000
000000000110
010000000000
001000000000
100000000100
000000010000
000001000000
000000010000
000000000100
000001000000
000000000010
000000010000
010000000000
000000000100
000000000010
000000000010
000000010000
010000000100
000000000010
000000010000
000000000100
000000000010
010000000000
001000000000
000001000000
001000000000
000001000000
001000000000
000000000010
000010000000
001000000000
000001100000
100000000000
001000000100
000001000000
000000000100
100000000000
000001000000
000100000000
000001000000
000000000010
000001000000
001000000000
010000000000
000000000100
000001000000
000000000100
000001000000
000000000100
010000000000
010000000000
000001000000
000001000000
000000000100
000000000100
000001000000
010000000000
000001000000
010000000000
000000000010
001000000000
001000000000
001000000000
001000000000
001000000000
000000000100
000001000000
000000000100
010000000000
000001000000
000001000000
000000001000
000000001000
000000000010
001000000000
001000000000
010000000000
000000000010
010000000000
000001000000
000001000000
000000000010
010000000000
001001000000
010000000000
000000000010
100000000000
001000000000
000001000000
010000000000
010000000000
001000000000
000100000000
010000000000
000100000000
000001000000
010000000000
000001000000
010000000000
000000000010
000000000010
000100000000
010000000001
100000000000
000000000010
100000000000
000001000000
000001000000
100000000000
000001000000
000001000000
010000000000
000000000010
010000000000
000001000000
100000000000
000000000010
100000100000
000001000000
000000000010
001000000000
000010000100
011000000000
101000000000
001000000000
100000000000
010000000000
010000000000
100000000000
000000000010
100000000000
010000000000
011000000000
001000000000
010000000000
000000010000
000000010000
010000010000
000000010000
000000010001
001000010000
000000010001
001000010000
000000010000
001000010000
001000000000
000000010000
000000010001
000000010000
001000000000
001000010000
000000010001
000000010000
000000000100
000000010000
001000010000
000000010100
000000000100
000000010000
000000010001
010000000000
000000010001
001000000000
001000000000
000000000001
000000010001
000000010001
000000010100
000000010001
001000000000
001000000000
001000000000
000001000000
000001000000
000000000010
001000000000
000001000000
010000000000
010000000000
010000000000
000000000010
000000000010
000000010000
000001000000
000000000001
001000000000
001000000000
000001000000
001000000000
001000000000
000000000001
000001000000
000001000000
000000000100
000001000000
000001000000
000001000000
000001000000
000000000100
000001000000
100000000000
000001000000
001000000000
000000000100
000001000000
001000000000
000001000000
000000010000
010000000000
001000000000
010000000000
010000000000
010000000000
001000000000
000000010000
000000001000
000001000000
000001000000
000000001000
000000010000
000001000000
000000001000
000000001000
000001000000
000000001000
000000001000
000000001000
000010000000
000010000000
000001000000
000001000000
000001000000
000001000000
001000000000
000000000001
000001000000
000001000000
100000000000
001000000000
000001000000
000000000100
001000000000
000000010000
000000010000
010000000000
001000000000
001000000000
000001000000
001000010000
001000000000
000000000001
000000100000
000000000001
001000000000
100000000000
101000000000
001000000000
001000010000
000001000000
000000001000
000000001000
000000001000
010000000000
000000000010
001000000000
000000001000
001000000000
000000000010
010000001000
000000000001
000001000000
100000000000
010000000000
000001000000
001000000000
000000000010
000000010000
000000000001
000001000000
001000000000
010000000000
010000000000
000001000000
000000010001
001000010000
001000010000
010000000000
001000010000
010000000000
000000010000
000001000000
000000010000
010000000000
001000000000
001000010000
001000000000
001000000000
001000000000
001000010000
001000010000
001000000000
000001000000
001000000000
001000010000
001000000000
001000010000
001000000000
001000000000
001000000010
000000010000
000000000010
000000010000
001000000000
001000000000
001000000000
001000000000
001000000000
000000000010
000001000000
001000000000
100000000000
001000000000
001000000000
010000000000
001000000000
001000000000
010000000000
001000000000
000001000000
001000000000
001000000000
000001000000
001000010000
000001000000
001000000000
001000000000
001000000000
000000010000
001000000000
001000000000
001000000000
001000010000
001000000000
001000000000
000000010000
001000010000
001000000000
001000000000
000001000000
001000010000
001000000000
001000010000
001000010000
001000010000
001000000000
001000000000
001000000000
001000010000
001000010000
001000010000
001000010000
001000010000
001000010000
000000010100
010000000000
010000000000
000001000000
000001000000
000001000000
000001000000
000001000000
000000010000
010000000000
000001000000
000000010000
000000010000
000001000000
000000010000
000001000000
000001000000
000001000000
000001000000
001000000000
001000000000
000000010000
000000010000
010000000000
000001000000
000001000000
000000000010
000000010000
000000010000
000000010000
001000000000
000000010000
000000010000
000000010000
000000010000
000001000000
000001000000
000001000000
000000001000
001000000101
001000000101
000001000001
100000000000
000000000010
100000000000
000000000010
001000000000
000000000100
000000000100
100000000000
010000000000
001000000000
100000000000
100000000000
010000000000
000000000100
000000000100
100000000000
011000000000
000100000000
000100000000
000100000000
001000000000
001000000000
000100000000
000000000100
001000000000
001000000000
000100000000
010000000000
010000000000
000100000000
010000000000
010000000000
010000000000
000100000000
001000000000
000000010000
000001000000
000000010000
000000000100
010000000000
010000000000
000001000000
000100000000
000100000000
010100000000
100000000000
000001000000
001000010000
000001000000
011100000000
011000000000
010100000000
001000010000
010000000000
001000000000
000000010000
000001000000
000001000000
001000010000
000000010001
000000010000
011000010000
001000010000
011000010000
011000010000
011000010000
000000000001
001000010000
000000010000
011000010000
000000010000
001000000000
001000010000
011000010000
011000010000
000000000010
001000000000
001000010000
001000000000
000000010000
011000010000
001000000010
010000000000
010000000000
010100000000
001000000010
010000000000
010000100000
011000000000
010000100000
000001000000
010000000000
000000000010
000100000000
000000000010
010000000000
100000000000
100000000000
100000000000
100000000000
001000000000
001000000000
000000000100
010000000000
010000000000
011000000000
000000000100
100000000000
000000000010
010000000000
010000000000
000000000100
000001000000
010000000000
010000000000
000001000000
000000000100
000001000000
000001000000
000001000000
001000000000
000001000000
000001000000
010000000000
000001000000
000001000000
001000000000
001000000000
000000000010
001000000000
001000000000
001000000000
010000000000
001000000000
000000000010
000001000000
000000000010
010000000000
000000000010
000001000000
010000000000
000001000000
000001000000
000001000000
000000000010
000000000001
000000000010
000000000010
000001000000
010000000000
000001000000
001000000000
001000000000
000000000110
000000000010
000000000100
000000000110
000001000000
000000000010
000000000100
100000000000
010010000000
010010000000
001010000000
001010000000
010000000000
010010000000
010010000000
010010000000
000001000000
000001000000
010100000000
001001000000
000000000100
000000000100
000100000000
000100000000
000100000000
000110000000
000000000100
010010000000
000110000000
000100000000
010000000000
000110000000
010100000000
000010000100
010000000000
000110000000
010000000000
000000000100
000000000100
001001000000
010000000100
010000000000
010000000000
010000000000
000001000000
000000000100
000000000100
000000000100
000000000100
010000000000
000000000100
000000000100
010000000100
000000000010
010000000000
010000000000
000000000100
000000000100
010010000100
010000000000
010000000000
010010000000
000011000000
010010000000
010010000000
000000000100
010000000000
000000000010
000000000100
000010000100
000000000100
010001000000
010000000000
000001100000
010000000000
001000010000
000000000100
001000000000
010100000000
000000000100
000000000001
000001000000
000000000100
000001000000
000001000000
000001000000
000000000010
000000000010
001000000000
001000000000
000000000010
000000000011
000001000000
000000000110
010000000000
000000000100
011000000000
010000000000
010000000000
000000000010
000000000010
000000000100
000001000000
000000000010
001000000010
001000000000
001000000000
000000000010
000001000000
000001000000
000001000000
000001000000
000001000000
000001000000
000001000000
000101000000
100000000000
000001000000
000001000000
000001000000
000001000000
100000100000
000001000000
000001000000
000001000000
000001100000
000001000000
000000001000
000001000000
100000000000
000001000000
000001000000
000001000000
000001000000
000001000000
000000001000
000001000000
000001000000
000001000000
000001000000
000001000000
000001001000
000001000000
000001000000
000001000000
000001001000
000001000000
000001000000
000001000000
000001000000
000001000000
000001000000
000001000000
100000000000
000000001000
100000000000
000000001000
000001000000
000001000000
000001000000
000001000000
100000000000
000000001000
100000100000
000001000000
000001000000
000001000000
000000000110
000010000010
000100000000
100000000000
100000000000
001000000000
000000000100
001000000000
000000000010
010000000000
001000000000
000000000100
000001000000
000001000000
000000000110
001000000000
000001000000
010000000000
000100000000
001000000000
000001000000
000001000000
010000000000
000000000100
100000000000
000001000000
000001000000
100000000000
000001000000
010000000000
100000000000
000001000000
000000000010
000001000000
010000000000
000000000010
000000001000
010000000000
000000000100
000001000000
001000000000
001000000000
000001000000
000000000100
000001000000
000001000000
100000000000
000001000000
000001000000
010000000000
001000000000
100000000000
010000000000
100000000000
100000000000
000000000010
000100000000
010000000000
010000000000
100000000000
100000000000
100000000000
010000000000
100000000000
100000000000
100000000000
010000000000
000000000010
010000000000
010000000000
100000000000
010000000000
010000000000
010000000000
001000000000
000000000010
010000000000
010000000000
000000100000
100000000000
010000000000
010000000000
000000000010
010000000000
010000000000
010000000000
000000000010
010000000000
010000000000
010000000000
100000000000
000000000010
010000000000
010000000000
010000000000
010000000000
100000000000
010000000000
000000000010
000001000000
010000000000
000100000000
010000000000
010000000000
010000000000
010000000000
010000000000
010000000000
000100000000
010000000000
100000000000
000000000010
000000000010
100000000000
010000000000
010000000000
010000000000
100000000000
010000000000
000100000000
000000100000
010000000000
100000000000
100000000000
010000000000
000100000000
000100000000
000000000010
000000000010
000000000010
010000000000
100000000000
100000000000
000100000000
000000000010
010000000000
010000000000
010000000000
100000000000
010000000000
010000000000
010000000000
010000000000
010000000000
000000000010
000000000010
010000000000
010000000000
100000000000
010000000000
000000000010
010000000000
100000000000
010000000000
000000000010
010000000000
000000000010
000000000010
000000000010
000000000010
000000100000
010000000000
000000000100
000001000000
010000000000
010000000000
000000000100
000000000100
010000000000
000000000010
100000000000
010000000000
100000000000
000000000010
010000000000
001000000000
010000000000
010000000000
010000000000
010000000000
100000000000
010000000000
010000000000
100000100000
010000000000
010000000000
010000000000
010000000000
010000000000
010000000000
010000000000
000000000010
000000000010
000000000010
000000100000
010000000000
010000000000
010000000000
010000000000
010000000000
010000000000
010000000000
010000000000
100000000000
000000000010
010000000000
100000000000
100000000000
000000000010
010000000000
010000000000
010000000000
000000000010
010000000000
000000000010
100000000000
010000000000
010000000000
010000000000
000000000010
000000000010
010000000000
010000000000
000000000010
010000000000
010000000000
000000000010
000000000010
010000000000
000000000010
000000100000
010000000000
000000000010
010000000000
000000100000
010000000000
010000000000
010000000000
010000000000
010000000000
010000000000
000000000010
100000000000
010000000000
010000000000
010000000000
000000000010
010000000000
000000000010
010000000000
010000000000
010000000000
000000000010
010000000000
010000000000
000000000010
010000000000
010000000000
010000000000
010000000000
100000000000
000000000010
010000000000
010000000000
100000000000
100000000000
000001000000
010000000000
000001000000
010000000000
010000000000
100000000000
010000000000
000000000010
010000100000
010000000000
000100000000
100000000000
010000000000
000001000000
010000000000
010000000000
010000000000
010000000000
000000000010
000100000000
000000000010
100000000000
010000100000
000000000010
000000000010
000001000000
010000000000
010000000000
010000000000
000001000000
000001000000
000000000010
010000000000
000001000000
000001000000
010000000000
000000000010
000000000010
010000000000
000001000000
000001000000
010000000000
000001000000
000001000000
010000000000
010000000000
000000000100
100000000000
001000000000
000000000100
000001000000
000001000000
000000000100
001000000000
010000000000
000000000010
010000000000
001000000000
010000000000
010000000000
000001000000
001000000000
000000000100
000000000100
000000000100
000000000010
000000000010
000000000100
000000000100
100000000000
000000000100
000000100000
000000000010
000001000000
000001000000
010000000000
000001000000
000001000000
000000000010
000000000010
000000000010
000000000010
000001000000
100000000000
000000000010
000000000010
000000000100
010000000000
000000000010
000001000000
000000000100
000000000010
000001000000
000000100000
010000000000
000000000010
000000000010
010000000000
000001000000
010000000000
000000000010
100000000000
100000000000
100000000000
010000000000
010000000000
100000000000
100000000000
100000000000
000000000100
010000000000
000000000010
000001000000
000001000000
000000000100
000000000100
000000000100
000001000000
100000000000
000000000100
000000000100
000000000100
000000000100
100000000000
000000000010
100000000000
010000000000
001000000000
000001000000
010000000000
000000000010
000000000010
000001000000
100000000000
001000000100
101010000000
001000000000
100000000000
100000000000
100000000000
000000000010
010000000000
000000000100
100000000000
000000000010
000001000000
100000000000
000001000000
000000000010
010000000000
001010000000
010000000000
000000000010
001000000000
001010000000
000001000000
001000000000
000010000000
001000000000
010000000000
001000000000
001000000000
001000000000
001000000000
001000000000
010000000000
000001000000
000001000000
000001000000
100000000000
000001000000
000001000000
000001000000
000001000000
000001000000
100000000000
000001000000
000001000000
000010000000
000001000000
000000001000
000001000000
000001000000
001000000000
000001000000
000001000000
000001000000
000010000000
000011000000
000001000000
000001000000
000001000000
000011000000
000001000000
000001000000
100000000000
000001000000
000001000000
000010000000
000001000000
000001000000
000001000000
000001000000
000001000000
000001000000
000001000000
000001000000
000010000000
000001000000
000001000000
000001000000
000001000000
000001000000
000001000000
001000000000
100000000000
100000000000
001000000000
100000000000
001000000000
001000000000
010000000000
100000000000
000000100000
010000000000
000001000000
001000000000
000000000010
001000000000
010000000000
000000000010
010001000000
100000000000
010000000000
010000000000
010000000000
000000000010
001000000000
010000000000
000000000010
100000000000
010000000000
000000000010
001000000000
010000000000
010100000000
010100000000
000000000010
001000000000
001000000000
000000000010
000100000000
000000100000
010010000000
001000000000
001000000000
010000000000
000100000000
000000000010
000001000000
000001000000
000001000000
010000000000
000001000000
000001000000
100000000000
100000000000
000000000010
000000000010
001000000000
000000000010
000001000000
000000000110
100000000000
100000000000
000001000000
100000000000
000001000000
000001000000
000010000000
010000000000
000001000000
000000000010
000000000010
100000000000
001000000000
001000000000
000000000010
000001000000
000001000000
000001000000
000000000100
000001000000
000001000000
000001000000
000010000000
000001000000
000001000000
001000000000
000001000000
000001000000
100000000000
000000000010
100000000000
000001000000
000001000000
000001000000
000000000100
000000000010
000001000000
000001000000
000000000010
000100000000
000000000010
000001000000
000000000100
000000000010
000000000100
001000000000
100000000000
000001000000
000000000010
000000000100
000001000000
010000000000
000001000000
100000000000
001000000000
010000000000
010000000000
010000000000
010000000000
000001000000
010000000000
000000000010
010000000000
001000000000
000001000000
000001000000
001000000000
000001000000
001000000000
000001000000
000001000000
100000000000
000001000000
010000000000
000001000000
000001000000
000001000000
100000000000
000001000000
000000000010
000000000100
000000000100
000000000100
000000000100
000000000100
010000000000
100000000000
000001000000
000001000000
000001000000
000000000100
000001000000
001001000000
000000000100
000001000000
000001000000
000001000000
000001000000
000001000000
000000000010
000001000000
000000000010
001000000000
000001000000
000000000010
000000000010
010000000000
000000100000
000000000010
000100000000
000000000100
000000000010
000000000010
000000000010
000000000010
000000000010
000000000100
000000000010
000000000010
000000000100
000000000100
000000000010
000000000010
000000000010
000100000000
010000000000
010000000000
000000000010
000000000010
000000000010
000000000010
000000000010
000000000100
000000000010
000000000001
000100000000
000000000010
000100000000
000100000000
010000000000
000001000000
000000000010
000000000100
010000000000
000100000000
000000000010
000100000000
000000000010
000000100000
000000000010
000000000010
000000000010
000000000010
000000000010
000000000100
000000000010
000000000010
000000000010
000000000010
010000000000
010000000000
000000000010
000000100000
100000000000
000000100000
000000000010
000000000010
010000000000
010000000000
000000000010
000000000010
000000000100
010000000000
000001000000
000000000001
000000000010
010000000000
000000000001
000000000010
000100000000
000000000100
000000100000
010000000000
000001000000
000000000010
000000100000
010000000000
010000000000
000000000010
000000100000
000000100000
000000000010
010000000000
010000000000
000001000000
000000100000
010000000000
010000000000
000000000010
000000000010
010000000000
010000000000
000100000000
010000000000
010000000000
000000000100
010000000000
010000000000
010000100000
010000100000
010000000000
010000100000
000000000010
010000100000
000000000100
000000100000
010000000000
010000000000
010000100000
010000000000
010000000000
011000000000
000000000010
000000100000
000000000010
000000000010
010000000000
010000000000
010000000000
011000000000
000000000100
010000100000
000000000010
000000100000
010000000000
000000000010
010000000000
010000000000
010000000000
100010000000
000001000000
001000000000
000010000000
000010000010
001010000000
001010000000
000100000000
000010000000
000001000000
000110000000
000001000000
000100000000
001000000000
001000000000
001000000000
001000000000
001010000000
100000000000
100000100000
001000000000
000010000000
001010000000
011000000000
100000000000
010010000000
000001000000
000001000000
000001000000
000001000000
000001001000
000001000000
010000000000
000001000000
000000001000
001000000000
000001000000
000001000000
000001000000
000001000000
000001000000
000001000000
000000000100
000000000100
000001000000
001000000000
000001000000
000000000010
000001000000
000001000000
000001000000
000001000000
000001000000
000001000000
000010000000
000001000000
000010000000
000010000000
000001000000
000001000000
000000000010
000001000000
000001000000
000010000000
000001000000
000001000000
000001000000
000000000010
000001000000
010000000000
000001000000
000001000000
000001000000
000110000000
000000000010
010000000000
000001000000
000000000110
000000000110
001000000000
000000000010
010001000000
000000000010
000001000000
010000000000
001000000000
000001000000
000001000000
000110000000
000001000000
000001000000
000000000010
000001000000
000001000000
000001000000
000000000010
000001000000
011000000000
100000000000
000100000000
000001000000
000000000010
000000000110
000000000010
000001000000
000001000000
000000000100
000001000000
000100000000
000000000010
000000000010
000010000000
000001000000
000110000000
000001000000
000110000000
001000000000
000001000000
100000000000
001000000000
001000000000
001000000000
000100000000
000010000000
000001000000
000011000000
000011000000
010000000000
000001000000
001000000000
000001000000
010001000000
000001000000
001000000000
000001000000
000001000000
000001000000
000001000000
000100000000
000001000000
000001000000
010000000000
010000000000
100000000000
011000000000
000000000010
000001000000
000001000000
000001000000
000001000000
000001000000
000001000000
000001000000
000001000000
000001000000
001010000000
000001000000
000001000000
000001000000
000001000000
000001000000
000001000000
000010000000
000001000000
000001000000
000001000000
000001000000
000001000000
000011000000
010000000000
010000000000
010000000000
000000000010
000001000000
010000000000
010010000000
011000000000
010010000000
000001000000
010000000000
010000000000
010010000000
000001000000
010000000000
000001000000
010000000000
011000000000
000000000010
000000000010
000000000010
010010000000
010000000000
000001000000
000001000000
000001000000
000001000000
000001000000
000000000100
000001000000
010000000000
000001000000
000001000000
010000000000
000010000000
000000000010
000000000010
000000000010
010000000000
010000000000
000000000010
000000000100
000000000010
000000000100
000000000010
000000000010
010000000000
100000000000
010000000000
000001000000
000000000010
010000000000
010000000000
000000000010
010000000000
100000000000
000000000010
000000000010
000001000000
000000100000
000001000000
000000000010
010000000000
000001000000
010000000000
000000000010
000100000000
000000000010
000000000010
000000000100
000000000010
000000000010
000000000010
000000000001
100000000000
000000000100
100000000000
010000000000
010000000000
000000000010
000000000010
010000000000
001000000000
010000000000
001000000000
001000000000
001000000000
000001000000
001000000000
001000000000
000001000000
001000000000
000001000000
001000000000
001000000000
001000000000
000000000010
000000000010
001000000000
001000000000
000001000000
001000000000
001000000000
000000000010
001000000000
001000000000
001000000000
001000000000
001000000000
001000000000
001000000000
010000000000
001000000000
000100000000
001000000000
001000000000
001000000000
001000000000
001000000000
001000000000
001000000000
000000000010
000001000000
001000000000
001000000000
001000000000
001000000000
001000000000
001000001000
001000000000
001000000000
010000000000
001000000000
000000100000
000001000000
001000000000
001000000000
001000000000
001000000000
001000000000
001000000000
001000000000
000000000010
001000000000
000000000010
000001000000
001000000000
010000000000
001000000000
001000000000
001000000000
001000000000
001000000000
001000000000
010000000000
001000000000
010000000000
000000000010
000100000000
001000000000
001000000000
001000000000
001000000000
001000000000
010000000000
001000000000
001000000000
001000000000
001000000000
001000000000
001000000000
001000000000
001000000000
001000000000
001000000000
010000000000
001000000000
000000000010
001000000000
001000000000
000100000000
000000000010
000001000000
001000000000
000100000000
000100000000
001000000000
010000000000
010000000000
000000000010
000000000010
000000000010
010000000000
000000000010
000000000010
000000000010
000000000010
010000000000
000000000010
000000000010
000000000010
000000100000
001000000000
000000000010
000000000010
001000000000
000000100000
000000000010
000000000010
000000000010
010000000000
000000000010
010000000000
000000000010
000000000010
010000000000
000000000010
000000000010
000000000100
010000000000
000000000100
000000000010
010000000000
001000000000
010000000000
010000000000
000000000010
010000000000
001000000000
010000000000
000000000010
001000000000
001000000000
000000000010
000000000010
010000000000
000000100000
000000000010
010000000000
001000000000
001000000000
000000000010
001000000000
010000000000
000000000010
010000000000
010000000000
000000000100
010000000000
010000000000
010000000000
010000000000
000010000000
000000000010
000000000010
000000000010
000000000010
000000000010
000000000100
000000000010
000000000010
000000000010
000000000010
001000000000
001000000000
000100000000
000100000000
000000000010
000000000010
000000000010
000100000000
000000000010
010000000000
000000000010
000000000010
010000000000
000000000010
000000000010
000000000010
000000000100
000000000010
000000000010
000000000010
010000100000
001000000000
010000000000
001000000000
001000000000
000000000010
000000000001
000000000001
000000000010
010000000000
000001000000
000000000010
010000000000
100000000000
010000000000
010000000000
000000000100
000001000000
100000000000
100000000000
100000000001
100000000000
100000000001
100000000000
100000000000
100000000000
100000000000
100000000000
100000000000
100000000000
100000000000
100000000000
100000000000
100000000001
100000000000
100000000000
100000000000
100000000000
100000000001
010000000000
000001000000
010000000000
100000000000
000000000010
000000000001
011000000000
000000000010
000001000000
000001000000
000001000000
100000000000
000000000010
000000000010
000000110000
000001000000
000000000001
000000000100
000000000001
000000000010
001000000000
001000000000
010000100000
000000000010
010000000000
000001000000
100000000000
100000000000
001000000000
001000000010
100000000000
100000000000
001000000000
100000000000
010000000000
001000000000
100000000000
001000000000
001000000000
000000000010
001000000000
000000000010
010010000000
010000000000
010000000000
000000001000
000000001000
100000000000
000000001000
000000001000
000000001000
000010000000
000010000000
000001000000
000001000000
000010001000
000010001000
000001000000
000000001000
000000001000
000001000000
000011000000
000010000000
000010000000
000010000000
000010000000
000010000000
000001000000
000001000000
000001000000
000001000000
000010000000
000001000000
000010000000
000010000000
000001000000
000001000000
000001000000
000010000000